9 22
0 0.25 4 1 0 0 0
0 0 0 1 0 0 0
-2 1 0 1 0 0 0
0.5 0.75 0 1 0 0 0
0.7 0 0 1 0 0 0
-0.5 0.75 0 1 0 0 0
-0.7 0 0 1 0 0 0
0.375 -0.75 0 1 0 0 0
0 -1 0 1 0 0 0
-0.375 -0.75 0 1 0 0 0
0 -1 0 1 0 0 0
0 0.75 0 1 0 0 0
2 1 0 1 0 0 0
0.5 0.75 0 1 0 0 0
0.7 0 0 1 0 0 0
-0.5 0.75 0 1 0 0 0
-0.7 0 0 1 0 0 0
0.375 -0.75 0 1 0 0 0
0 -1 0 1 0 0 0
-0.375 -0.75 0 1 0 0 0
0 -1 0 1 0 0 0
0 0.75 0 1 0 0 0
0 0.25 4 1 0 0 0
0 0 0 1 0 0 0
-2 1 0 0.528155 0.0399087 0.843603 0.0882838
0.5 0.75 0 1 0 0 0
0.7 0 0 1 0 0 0
-0.5 0.75 0 1 0 0 0
-0.7 0 0 1 0 0 0
0.375 -0.75 0 1 0 0 0
0 -1 0 1 0 0 0
-0.375 -0.75 0 1 0 0 0
0 -1 0 1 0 0 0
0 0.75 0 1 0 0 0
2 1 0 1 0 0 0
0.5 0.75 0 1 0 0 0
0.7 0 0 1 0 0 0
-0.5 0.75 0 1 0 0 0
-0.7 0 0 1 0 0 0
0.375 -0.75 0 1 0 0 0
0 -1 0 1 0 0 0
-0.375 -0.75 0 1 0 0 0
0 -1 0 1 0 0 0
0 0.75 0 1 0 0 0
0 0.25 4 1 0 0 0
0 0 0 1 0 0 0
-0.709983 1.65854 0 0.981005 -0.0196883 0.192885 -0.00604391
0.5 0.75 0 1 0 0 0
0.7 0 0 1 0 0 0
-0.5 0.75 0 1 0 0 0
-0.7 0 0 1 0 0 0
0.375 -0.75 0 1 0 0 0
0 -1 0 1 0 0 0
-0.375 -0.75 0 1 0 0 0
0 -1 0 1 0 0 0
0 0.75 0 1 0 0 0
2 1 0 1 0 0 0
0.5 0.75 0 1 0 0 0
0.7 0 0 1 0 0 0
-0.5 0.75 0 1 0 0 0
-0.7 0 0 1 0 0 0
0.375 -0.75 0 1 0 0 0
0 -1 0 1 0 0 0
-0.375 -0.75 0 1 0 0 0
0 -1 0 1 0 0 0
0 0.75 0 1 0 0 0
0 0.25 4 1 0 0 0
0 0 0 1 0 0 0
0.128979 0.314397 0 0.7712 -0.0309187 0.633479 0.0547674
0.5 0.75 0 1 0 0 0
0.7 0 0 1 0 0 0
-0.5 0.75 0 1 0 0 0
-0.7 0 0 1 0 0 0
0.375 -0.75 0 1 0 0 0
0 -1 0 1 0 0 0
-0.375 -0.75 0 1 0 0 0
0 -1 0 1 0 0 0
0 0.75 0 1 0 0 0
2 1 0 1 0 0 0
0.5 0.75 0 1 0 0 0
0.7 0 0 1 0 0 0
-0.5 0.75 0 1 0 0 0
-0.7 0 0 1 0 0 0
0.375 -0.75 0 1 0 0 0
0 -1 0 1 0 0 0
-0.375 -0.75 0 1 0 0 0
0 -1 0 1 0 0 0
0 0.75 0 1 0 0 0
0 0.25 4 1 0 0 0
0 0 0 1 0 0 0
1.30172 1.32476 0 0.662707 0.0709429 -0.733298 -0.134394
0.5 0.75 0 1 0 0 0
0.7 0 0 1 0 0 0
-0.5 0.75 0 1 0 0 0
-0.7 0 0 1 0 0 0
0.375 -0.75 0 1 0 0 0
0 -1 0 1 0 0 0
-0.375 -0.75 0 1 0 0 0
0 -1 0 1 0 0 0
0 0.75 0 1 0 0 0
2 1 0 1 0 0 0
0.5 0.75 0 1 0 0 0
0.7 0 0 1 0 0 0
-0.5 0.75 0 1 0 0 0
-0.7 0 0 1 0 0 0
0.375 -0.75 0 1 0 0 0
0 -1 0 1 0 0 0
-0.375 -0.75 0 1 0 0 0
0 -1 0 1 0 0 0
0 0.75 0 1 0 0 0
0 0.25 4 1 0 0 0
0 0 0 1 0 0 0
1.64452 -0.64184 0 -0.355209 -0.147478 -0.905997 -0.176768
0.5 0.75 0 1 0 0 0
0.7 0 0 1 0 0 0
-0.5 0.75 0 1 0 0 0
-0.7 0 0 1 0 0 0
0.375 -0.75 0 1 0 0 0
0 -1 0 1 0 0 0
-0.375 -0.75 0 1 0 0 0
0 -1 0 1 0 0 0
0 0.75 0 1 0 0 0
2 1 0 1 0 0 0
0.5 0.75 0 1 0 0 0
0.7 0 0 1 0 0 0
-0.5 0.75 0 1 0 0 0
-0.7 0 0 1 0 0 0
0.375 -0.75 0 1 0 0 0
0 -1 0 1 0 0 0
-0.375 -0.75 0 1 0 0 0
0 -1 0 1 0 0 0
0 0.75 0 1 0 0 0
0 0.25 4 1 0 0 0
0 0 0 1 0 0 0
-1.5309 0.106911 0 -0.355209 -0.147478 -0.905997 -0.176768
0.5 0.75 0 1 0 0 0
0.7 0 0 1 0 0 0
-0.5 0.75 0 1 0 0 0
-0.7 0 0 1 0 0 0
0.375 -0.75 0 1 0 0 0
0 -1 0 1 0 0 0
-0.375 -0.75 0 1 0 0 0
0 -1 0 1 0 0 0
0 0.75 0 1 0 0 0
2 1 0 1 0 0 0
0.5 0.75 0 1 0 0 0
0.7 0 0 1 0 0 0
-0.5 0.75 0 1 0 0 0
-0.7 0 0 1 0 0 0
0.375 -0.75 0 1 0 0 0
0 -1 0 1 0 0 0
-0.375 -0.75 0 1 0 0 0
0 -1 0 1 0 0 0
0 0.75 0 1 0 0 0
0 0.25 4 1 0 0 0
0 0 0 1 0 0 0
-0.0243795 0.702304 0 0.214585 -0.105935 -0.940212 0.242346
0.5 0.75 0 1 0 0 0
0.7 0 0 1 0 0 0
-0.5 0.75 0 1 0 0 0
-0.7 0 0 1 0 0 0
0.375 -0.75 0 1 0 0 0
0 -1 0 1 0 0 0
-0.375 -0.75 0 1 0 0 0
0 -1 0 1 0 0 0
0 0.75 0 1 0 0 0
2 1 0 1 0 0 0
0.5 0.75 0 1 0 0 0
0.7 0 0 1 0 0 0
-0.5 0.75 0 1 0 0 0
-0.7 0 0 1 0 0 0
0.375 -0.75 0 1 0 0 0
0 -1 0 1 0 0 0
-0.375 -0.75 0 1 0 0 0
0 -1 0 1 0 0 0
0 0.75 0 1 0 0 0
0 0.25 4 1 0 0 0
0 0 0 1 0 0 0
-0.0243795 0.702304 0 0.0680654 -0.026265 -0.997323 0.0049104
0.5 0.75 0 1 0 0 0
0.7 0 0 1 0 0 0
-0.5 0.75 0 1 0 0 0
-0.7 0 0 1 0 0 0
0.375 -0.75 0 1 0 0 0
0 -1 0 1 0 0 0
-0.375 -0.75 0 1 0 0 0
0 -1 0 1 0 0 0
0 0.75 0 1 0 0 0
2 1 0 1 0 0 0
0.5 0.75 0 1 0 0 0
0.7 0 0 1 0 0 0
-0.5 0.75 0 1 0 0 0
-0.7 0 0 1 0 0 0
0.375 -0.75 0 1 0 0 0
0 -1 0 1 0 0 0
-0.375 -0.75 0 1 0 0 0
0 -1 0 1 0 0 0
0 0.75 0 1 0 0 0
