frame [0]
0.000000 0.250000 4.000000 1.000000 0.000000 0.000000 0.000000
0.000000 0.000000 0.000000 1.000000 0.000000 0.000000 0.000000
-2.000000 1.000000 0.000000 1.000000 0.000000 0.000000 0.000000
0.450000 0.650000 0.000000 1.000000 0.000000 0.000000 0.000000
0.700000 0.000000 0.000000 1.000000 0.000000 0.000000 0.000000
-0.450000 0.650000 0.000000 1.000000 0.000000 0.000000 0.000000
-0.700000 0.000000 0.000000 1.000000 0.000000 0.000000 0.000000
0.450000 -0.650000 0.000000 1.000000 0.000000 0.000000 0.000000
0.000000 -0.800000 0.000000 1.000000 0.000000 0.000000 0.000000
-0.450000 -0.650000 0.000000 1.000000 0.000000 0.000000 0.000000
0.000000 -0.800000 0.000000 1.000000 0.000000 0.000000 0.000000
0.000000 0.650000 0.000000 1.000000 0.000000 0.000000 0.000000
2.000000 1.000000 0.000000 1.000000 0.000000 0.000000 0.000000
0.450000 0.650000 0.000000 1.000000 0.000000 0.000000 0.000000
0.700000 0.000000 0.000000 1.000000 0.000000 0.000000 0.000000
-0.450000 0.650000 0.000000 1.000000 0.000000 0.000000 0.000000
-0.700000 0.000000 0.000000 1.000000 0.000000 0.000000 0.000000
0.450000 -0.650000 0.000000 1.000000 0.000000 0.000000 0.000000
0.000000 -0.800000 0.000000 1.000000 0.000000 0.000000 0.000000
-0.450000 -0.650000 0.000000 1.000000 0.000000 0.000000 0.000000
0.000000 -0.800000 0.000000 1.000000 0.000000 0.000000 0.000000
0.000000 0.650000 0.000000 1.000000 0.000000 0.000000 0.000000
frame [1]
2.556133 0.144378 3.083479 0.939984 -0.007509 0.335880 -0.059651
0.000000 0.000000 0.000000 1.000000 0.000000 0.000000 0.000000
-2.000000 1.000000 0.000000 0.608149 0.098462 0.787654 -0.007827
0.450000 0.650000 0.000000 1.000000 0.000000 0.000000 0.000000
0.700000 0.000000 0.000000 1.000000 0.000000 0.000000 0.000000
-0.450000 0.650000 0.000000 1.000000 0.000000 0.000000 0.000000
-0.700000 0.000000 0.000000 1.000000 0.000000 0.000000 0.000000
0.450000 -0.650000 0.000000 1.000000 0.000000 0.000000 0.000000
0.000000 -0.800000 0.000000 1.000000 0.000000 0.000000 0.000000
-0.450000 -0.650000 0.000000 1.000000 0.000000 0.000000 0.000000
0.000000 -0.800000 0.000000 1.000000 0.000000 0.000000 0.000000
0.000000 0.650000 0.000000 1.000000 0.000000 0.000000 0.000000
2.000000 1.000000 0.000000 1.000000 0.000000 0.000000 0.000000
0.450000 0.650000 0.000000 1.000000 0.000000 0.000000 0.000000
0.700000 0.000000 0.000000 1.000000 0.000000 0.000000 0.000000
-0.450000 0.650000 0.000000 1.000000 0.000000 0.000000 0.000000
-0.700000 0.000000 0.000000 1.000000 0.000000 0.000000 0.000000
0.450000 -0.650000 0.000000 1.000000 0.000000 0.000000 0.000000
0.000000 -0.800000 0.000000 1.000000 0.000000 0.000000 0.000000
-0.450000 -0.650000 0.000000 1.000000 0.000000 0.000000 0.000000
0.000000 -0.800000 0.000000 1.000000 0.000000 0.000000 0.000000
0.000000 0.650000 0.000000 1.000000 0.000000 0.000000 0.000000
frame [2]
2.713174 0.163413 2.945248 0.930734 -0.013457 0.359774 -0.064151
0.000000 0.000000 0.000000 1.000000 0.000000 0.000000 0.000000
-0.792400 1.229597 0.320675 0.742805 0.089862 0.657116 -0.091455
0.450000 0.650000 -0.000000 0.306151 0.732122 -0.438503 0.421881
0.700000 -0.000000 0.000000 0.839465 -0.326083 0.393755 -0.184190
-0.450000 0.650000 -0.000000 0.764438 0.344504 0.145716 0.525089
-0.700000 -0.000000 -0.000000 0.895304 -0.012115 -0.028416 0.444384
0.450000 -0.650000 -0.000000 0.917345 0.262659 0.084660 0.286917
0.000000 -0.800000 -0.000000 0.829076 -0.284614 0.130709 -0.463189
-0.450000 -0.650000 -0.000000 0.906261 0.316801 0.021022 0.279080
0.000000 -0.800000 -0.000000 0.704017 -0.293975 -0.493287 0.417859
0.000000 0.650000 0.000000 1.000000 0.000000 0.000000 0.000000
2.000000 1.000000 0.000000 1.000000 0.000000 0.000000 0.000000
0.450000 0.650000 0.000000 1.000000 0.000000 0.000000 0.000000
0.700000 0.000000 0.000000 1.000000 0.000000 0.000000 0.000000
-0.450000 0.650000 0.000000 1.000000 0.000000 0.000000 0.000000
-0.700000 0.000000 0.000000 1.000000 0.000000 0.000000 0.000000
0.450000 -0.650000 0.000000 1.000000 0.000000 0.000000 0.000000
0.000000 -0.800000 0.000000 1.000000 0.000000 0.000000 0.000000
-0.450000 -0.650000 0.000000 1.000000 0.000000 0.000000 0.000000
0.000000 -0.800000 0.000000 1.000000 0.000000 0.000000 0.000000
0.000000 0.650000 0.000000 1.000000 0.000000 0.000000 0.000000
frame [3]
2.713174 0.163413 2.945248 0.930734 -0.013457 0.359774 -0.064151
0.000000 0.000000 0.000000 1.000000 0.000000 0.000000 0.000000
0.119930 0.351259 0.718306 0.742805 0.089862 0.657116 -0.091455
0.450000 0.650000 -0.000000 0.152510 0.936241 -0.311049 -0.058666
0.700000 -0.000000 0.000000 0.390557 0.866217 0.292452 -0.107726
-0.450000 0.650000 -0.000000 0.983501 0.098596 0.144740 0.045330
-0.700000 0.000000 0.000000 0.016105 0.442696 -0.009115 0.896481
0.450000 -0.650000 -0.000000 0.889551 -0.374246 0.000065 -0.261992
0.000000 -0.800000 -0.000000 0.877409 -0.228725 0.183341 0.379769
-0.450000 -0.650000 0.000000 0.661101 -0.463791 -0.589569 0.015841
-0.000000 -0.800000 -0.000000 0.611165 0.637245 -0.446613 -0.144683
-0.000000 0.650000 -0.000000 0.944237 -0.204558 -0.254701 0.041238
2.000000 1.000000 0.000000 1.000000 0.000000 0.000000 0.000000
0.450000 0.650000 0.000000 1.000000 0.000000 0.000000 0.000000
0.700000 0.000000 0.000000 1.000000 0.000000 0.000000 0.000000
-0.450000 0.650000 0.000000 1.000000 0.000000 0.000000 0.000000
-0.700000 0.000000 0.000000 1.000000 0.000000 0.000000 0.000000
0.450000 -0.650000 0.000000 1.000000 0.000000 0.000000 0.000000
0.000000 -0.800000 0.000000 1.000000 0.000000 0.000000 0.000000
-0.450000 -0.650000 0.000000 1.000000 0.000000 0.000000 0.000000
0.000000 -0.800000 0.000000 1.000000 0.000000 0.000000 0.000000
0.000000 0.650000 0.000000 1.000000 0.000000 0.000000 0.000000
frame [4]
2.713174 0.163413 2.945248 0.930734 -0.013457 0.359774 -0.064151
0.000000 0.000000 0.000000 1.000000 0.000000 0.000000 0.000000
0.339877 0.904425 -0.801563 0.742805 0.089862 0.657116 -0.091455
0.450000 0.650000 -0.000000 -0.374050 0.881283 0.148179 -0.247932
0.700000 0.000000 0.000000 -0.232835 0.738349 -0.626077 0.093033
-0.450000 0.650000 -0.000000 0.544475 0.453908 0.069614 0.701903
-0.700000 0.000000 0.000000 -0.807572 0.352180 0.441115 -0.170919
0.450000 -0.650000 -0.000000 0.697850 0.529922 0.081418 0.474931
0.000000 -0.800000 -0.000000 0.877409 -0.228725 0.183341 0.379769
-0.450000 -0.650000 0.000000 0.705810 0.310509 -0.636120 -0.027717
-0.000000 -0.800000 -0.000000 -0.819819 0.240475 0.151289 0.497173
-0.000000 0.650000 -0.000000 0.944237 -0.204558 -0.254701 0.041238
2.000000 1.000000 0.000000 1.000000 0.000000 0.000000 0.000000
0.450000 0.650000 0.000000 1.000000 0.000000 0.000000 0.000000
0.700000 0.000000 0.000000 1.000000 0.000000 0.000000 0.000000
-0.450000 0.650000 0.000000 1.000000 0.000000 0.000000 0.000000
-0.700000 0.000000 0.000000 1.000000 0.000000 0.000000 0.000000
0.450000 -0.650000 0.000000 1.000000 0.000000 0.000000 0.000000
0.000000 -0.800000 0.000000 1.000000 0.000000 0.000000 0.000000
-0.450000 -0.650000 0.000000 1.000000 0.000000 0.000000 0.000000
0.000000 -0.800000 0.000000 1.000000 0.000000 0.000000 0.000000
0.000000 0.650000 0.000000 1.000000 0.000000 0.000000 0.000000
frame [5]
2.039568 0.220506 3.473447 0.950843 0.006353 0.306964 -0.040386
0.000000 0.000000 0.000000 1.000000 0.000000 0.000000 0.000000
-2.129718 0.982069 -3.526151 0.419921 0.611844 0.469754 0.478168
0.450000 0.650000 -0.000000 -0.018846 0.701223 0.676185 -0.225178
0.700000 0.000000 0.000000 -0.663334 0.113894 0.708502 -0.212228
-0.450000 0.650000 -0.000000 0.544475 0.453908 0.069614 0.701903
-0.700000 0.000000 -0.000000 0.479029 -0.364643 0.550005 -0.578844
0.450000 -0.650000 -0.000000 -0.425186 0.541419 -0.644136 0.333424
0.000000 -0.800000 -0.000000 0.784211 0.207981 -0.522386 -0.262430
-0.450000 -0.650000 0.000000 0.705810 0.310509 -0.636120 -0.027717
-0.000000 -0.800000 -0.000000 -0.819819 0.240475 0.151289 0.497173
-0.000000 0.650000 -0.000000 0.026335 0.924891 -0.344285 -0.159221
2.000000 1.000000 0.000000 1.000000 0.000000 0.000000 0.000000
0.450000 0.650000 0.000000 1.000000 0.000000 0.000000 0.000000
0.700000 0.000000 0.000000 1.000000 0.000000 0.000000 0.000000
-0.450000 0.650000 0.000000 1.000000 0.000000 0.000000 0.000000
-0.700000 0.000000 0.000000 1.000000 0.000000 0.000000 0.000000
0.450000 -0.650000 0.000000 1.000000 0.000000 0.000000 0.000000
0.000000 -0.800000 0.000000 1.000000 0.000000 0.000000 0.000000
-0.450000 -0.650000 0.000000 1.000000 0.000000 0.000000 0.000000
0.000000 -0.800000 0.000000 1.000000 0.000000 0.000000 0.000000
0.000000 0.650000 0.000000 1.000000 0.000000 0.000000 0.000000
frame [6]
2.039568 0.220506 3.473447 0.950843 0.006353 0.306964 -0.040386
0.000000 0.000000 0.000000 1.000000 0.000000 0.000000 0.000000
-4.204267 2.864688 -1.949529 0.419921 0.611844 0.469754 0.478168
0.450000 0.650000 -0.000000 -0.018846 0.701223 0.676185 -0.225178
0.700000 0.000000 0.000000 -0.663334 0.113894 0.708502 -0.212228
-0.450000 0.650000 -0.000000 0.544475 0.453908 0.069614 0.701903
-0.700000 0.000000 -0.000000 0.479029 -0.364643 0.550005 -0.578844
0.450000 -0.650000 -0.000000 -0.425186 0.541419 -0.644136 0.333424
0.000000 -0.800000 -0.000000 0.784211 0.207981 -0.522386 -0.262430
-0.450000 -0.650000 0.000000 0.705810 0.310509 -0.636120 -0.027717
-0.000000 -0.800000 -0.000000 -0.819819 0.240475 0.151289 0.497173
-0.000000 0.650000 -0.000000 0.026335 0.924891 -0.344285 -0.159221
2.000000 1.000000 0.000000 1.000000 0.000000 0.000000 0.000000
0.450000 0.650000 0.000000 1.000000 0.000000 0.000000 0.000000
0.700000 0.000000 0.000000 1.000000 0.000000 0.000000 0.000000
-0.450000 0.650000 0.000000 1.000000 0.000000 0.000000 0.000000
-0.700000 0.000000 0.000000 1.000000 0.000000 0.000000 0.000000
0.450000 -0.650000 0.000000 1.000000 0.000000 0.000000 0.000000
0.000000 -0.800000 0.000000 1.000000 0.000000 0.000000 0.000000
-0.450000 -0.650000 0.000000 1.000000 0.000000 0.000000 0.000000
0.000000 -0.800000 0.000000 1.000000 0.000000 0.000000 0.000000
0.000000 0.650000 0.000000 1.000000 0.000000 0.000000 0.000000
frame [7]
1.208937 1.210138 4.115430 0.950843 0.006353 0.306964 -0.040386
0.000000 0.000000 0.000000 1.000000 0.000000 0.000000 0.000000
-4.204267 2.864688 -1.949529 0.419921 0.611844 0.469754 0.478168
-1.639751 2.313806 -2.644639 -0.018846 0.701223 0.676185 -0.225178
0.700000 0.000000 0.000000 -0.663334 0.113894 0.708502 -0.212228
-0.450000 0.650000 -0.000000 0.544475 0.453908 0.069614 0.701903
0.445227 4.604625 -3.368941 0.472826 -0.363792 0.554736 -0.579964
2.112457 -2.281504 2.757180 -0.425186 0.541419 -0.644136 0.333424
1.044627 -4.536126 -2.045506 0.784211 0.207981 -0.522386 -0.262430
-0.450000 -0.650000 0.000000 0.705810 0.310509 -0.636120 -0.027717
-0.000000 -0.800000 -0.000000 -0.819819 0.240475 0.151289 0.497173
-1.408776 1.483761 -1.172047 0.026335 0.924891 -0.344285 -0.159221
2.000000 1.000000 0.000000 1.000000 0.000000 0.000000 0.000000
0.450000 0.650000 0.000000 1.000000 0.000000 0.000000 0.000000
0.700000 0.000000 0.000000 1.000000 0.000000 0.000000 0.000000
-0.450000 0.650000 0.000000 1.000000 0.000000 0.000000 0.000000
-0.700000 0.000000 0.000000 1.000000 0.000000 0.000000 0.000000
0.450000 -0.650000 0.000000 1.000000 0.000000 0.000000 0.000000
0.000000 -0.800000 0.000000 1.000000 0.000000 0.000000 0.000000
-0.450000 -0.650000 0.000000 1.000000 0.000000 0.000000 0.000000
0.000000 -0.800000 0.000000 1.000000 0.000000 0.000000 0.000000
0.000000 0.650000 0.000000 1.000000 0.000000 0.000000 0.000000
frame [8]
1.208937 1.210138 4.115430 0.950843 0.006353 0.306964 -0.040386
0.000000 0.000000 0.000000 1.000000 0.000000 0.000000 0.000000
-4.204267 2.864688 -1.949529 0.077383 0.867313 -0.342635 0.352678
-1.639751 2.313806 -2.644639 -0.018846 0.701223 0.676185 -0.225178
0.700000 0.000000 0.000000 -0.663334 0.113894 0.708502 -0.212228
-0.450000 0.650000 -0.000000 0.544475 0.453908 0.069614 0.701903
0.445227 4.604625 -3.368941 0.472826 -0.363792 0.554736 -0.579964
2.112457 -2.281504 2.757180 -0.425186 0.541419 -0.644136 0.333424
1.044627 -4.536126 -2.045506 0.784211 0.207981 -0.522386 -0.262430
-0.450000 -0.650000 0.000000 0.705810 0.310509 -0.636120 -0.027717
-0.000000 -0.800000 -0.000000 -0.819819 0.240475 0.151289 0.497173
-1.408776 1.483761 -1.172047 0.026335 0.924891 -0.344285 -0.159221
2.000000 1.000000 0.000000 1.000000 0.000000 0.000000 0.000000
0.450000 0.650000 0.000000 1.000000 0.000000 0.000000 0.000000
0.700000 0.000000 0.000000 1.000000 0.000000 0.000000 0.000000
-0.450000 0.650000 0.000000 1.000000 0.000000 0.000000 0.000000
-0.700000 0.000000 0.000000 1.000000 0.000000 0.000000 0.000000
0.450000 -0.650000 0.000000 1.000000 0.000000 0.000000 0.000000
0.000000 -0.800000 0.000000 1.000000 0.000000 0.000000 0.000000
-0.450000 -0.650000 0.000000 1.000000 0.000000 0.000000 0.000000
0.000000 -0.800000 0.000000 1.000000 0.000000 0.000000 0.000000
0.000000 0.650000 0.000000 1.000000 0.000000 0.000000 0.000000
