frame [0]
0.003625 0.314804 3.995421 0.999956 -0.008103 0.000778 0.004600
0.000000 0.000000 0.000000 1.000000 0.000000 0.000000 0.000000
-2.000000 1.000000 0.000000 0.567351 0.005356 0.823456 0.002191
0.450000 0.650000 0.000000 1.000000 0.000000 0.000000 0.000000
0.700000 0.000000 0.000000 1.000000 0.000000 0.000000 0.000000
-0.450000 0.650000 0.000000 1.000000 0.000000 0.000000 0.000000
-0.700000 0.000000 0.000000 1.000000 0.000000 0.000000 0.000000
0.450000 -0.650000 0.000000 1.000000 0.000000 0.000000 0.000000
0.000000 -0.800000 0.000000 1.000000 0.000000 0.000000 0.000000
-0.450000 -0.650000 0.000000 1.000000 0.000000 0.000000 0.000000
0.000000 -0.800000 0.000000 1.000000 0.000000 0.000000 0.000000
0.000000 0.650000 0.000000 1.000000 0.000000 0.000000 0.000000
2.000000 1.000000 0.000000 0.550375 0.004278 -0.834893 0.004745
0.450000 0.650000 0.000000 1.000000 0.000000 0.000000 0.000000
0.700000 0.000000 0.000000 1.000000 0.000000 0.000000 0.000000
-0.450000 0.650000 0.000000 1.000000 0.000000 0.000000 0.000000
-0.700000 0.000000 0.000000 1.000000 0.000000 0.000000 0.000000
0.450000 -0.650000 0.000000 1.000000 0.000000 0.000000 0.000000
0.000000 -0.800000 0.000000 1.000000 0.000000 0.000000 0.000000
-0.450000 -0.650000 0.000000 1.000000 0.000000 0.000000 0.000000
0.000000 -0.800000 0.000000 1.000000 0.000000 0.000000 0.000000
0.000000 0.650000 0.000000 1.000000 0.000000 0.000000 0.000000
frame [1]
0.003625 0.314804 3.995421 0.999956 -0.008103 0.000778 0.004600
0.000000 0.000000 0.000000 1.000000 0.000000 0.000000 0.000000
-2.000000 1.000000 -0.000000 0.721084 -0.024979 -0.690688 -0.048631
0.450000 0.650000 0.000000 1.000000 0.000000 0.000000 0.000000
0.700000 0.000000 0.000000 1.000000 0.000000 0.000000 0.000000
-0.450000 0.650000 0.000000 1.000000 0.000000 -0.000000 0.000000
-0.700000 0.000000 0.000000 1.000000 0.000000 0.000000 0.000000
0.450000 -0.650000 0.000000 1.000000 0.000000 0.000000 0.000000
0.000000 -0.800000 0.000000 1.000000 0.000000 0.000000 0.000000
-0.450000 -0.650000 0.000000 1.000000 0.000000 0.000000 0.000000
0.000000 -0.800000 0.000000 1.000000 0.000000 0.000000 0.000000
0.000000 0.650000 0.000000 1.000000 0.000000 0.000000 0.000000
2.000000 1.000000 -0.000000 -0.715334 -0.005839 -0.698723 0.007084
0.450000 0.650000 0.000000 1.000000 0.000000 0.000000 0.000000
0.700000 0.000000 0.000000 1.000000 0.000000 0.000000 0.000000
-0.450000 0.650000 0.000000 1.000000 0.000000 0.000000 0.000000
-0.700000 0.000000 0.000000 1.000000 0.000000 0.000000 0.000000
0.450000 -0.650000 0.000000 1.000000 0.000000 0.000000 0.000000
0.000000 -0.800000 0.000000 1.000000 0.000000 0.000000 0.000000
-0.450000 -0.650000 0.000000 1.000000 0.000000 0.000000 0.000000
0.000000 -0.800000 0.000000 1.000000 0.000000 0.000000 0.000000
0.000000 0.650000 0.000000 1.000000 0.000000 0.000000 0.000000
frame [2]
0.005386 0.334071 5.183727 0.999956 -0.008103 0.000778 0.004600
0.000000 0.000000 0.000000 1.000000 0.000000 0.000000 0.000000
-2.000000 1.000000 -0.000000 0.721084 -0.024979 -0.690688 -0.048631
0.450000 0.650000 0.000000 0.565942 -0.373145 0.726825 -0.110443
0.700000 0.000000 -0.000000 0.710351 -0.041040 -0.237130 0.661428
-0.450000 0.650000 0.000000 0.722737 -0.168598 0.339162 0.578096
-0.700000 -0.000000 0.000000 0.878685 -0.020010 -0.475719 -0.034679
0.450000 -0.650000 0.000000 0.894262 0.445301 0.043604 -0.010094
0.000000 -0.800000 0.000000 0.907264 -0.415263 -0.066123 -0.007496
-0.450000 -0.650000 0.000000 0.947547 -0.317394 0.019184 -0.032362
0.000000 -0.800000 0.000000 1.000000 0.000000 0.000000 0.000000
0.000000 0.650000 0.000000 1.000000 0.000000 0.000000 0.000000
2.000000 1.000000 -0.000000 -0.715334 -0.005839 -0.698723 0.007084
0.450000 0.650000 0.000000 1.000000 0.000000 0.000000 0.000000
0.700000 0.000000 0.000000 1.000000 0.000000 0.000000 0.000000
-0.450000 0.650000 0.000000 1.000000 0.000000 0.000000 0.000000
-0.700000 0.000000 0.000000 1.000000 0.000000 0.000000 0.000000
0.450000 -0.650000 0.000000 1.000000 0.000000 0.000000 0.000000
0.000000 -0.800000 0.000000 1.000000 0.000000 0.000000 0.000000
-0.450000 -0.650000 0.000000 1.000000 0.000000 0.000000 0.000000
0.000000 -0.800000 0.000000 1.000000 0.000000 0.000000 0.000000
0.000000 0.650000 0.000000 1.000000 0.000000 0.000000 0.000000
frame [3]
0.005386 0.334071 5.183727 0.999956 -0.008103 0.000778 0.004600
0.000000 0.000000 0.000000 1.000000 0.000000 0.000000 0.000000
-0.555078 0.955036 -0.001413 0.721084 -0.024979 -0.690688 -0.048631
0.450000 0.650000 0.000000 0.072982 -0.645158 0.347460 -0.676547
0.700000 0.000000 -0.000000 0.710351 -0.041040 -0.237130 0.661428
-0.450000 0.650000 0.000000 0.634313 0.344460 -0.311286 0.618138
-0.700000 -0.000000 0.000000 0.878685 -0.020010 -0.475719 -0.034679
0.450000 -0.650000 0.000000 0.981133 -0.150598 0.053531 -0.108774
0.000000 -0.800000 0.000000 0.907264 -0.415263 -0.066123 -0.007496
-0.450000 -0.650000 -0.000000 0.898066 0.439278 0.021783 0.006182
-0.000000 -0.800000 0.000000 0.894522 -0.446704 -0.008970 -0.014328
0.000000 0.650000 0.000000 1.000000 0.000000 0.000000 0.000000
2.000000 1.000000 -0.000000 -0.715334 -0.005839 -0.698723 0.007084
0.450000 0.650000 -0.000000 0.826706 -0.400858 0.363503 -0.154061
0.700000 0.000000 0.000000 1.000000 0.000000 0.000000 0.000000
-0.450000 0.650000 0.000000 0.856577 0.010419 -0.442389 0.265440
-0.700000 0.000000 0.000000 0.998749 -0.003772 0.039720 0.030155
0.450000 -0.650000 0.000000 1.000000 0.000000 0.000000 0.000000
0.000000 -0.800000 0.000000 1.000000 0.000000 0.000000 0.000000
-0.450000 -0.650000 0.000000 1.000000 0.000000 0.000000 0.000000
0.000000 -0.800000 0.000000 1.000000 0.000000 0.000000 0.000000
0.000000 0.650000 -0.000000 0.989701 -0.143094 0.002103 0.003534
frame [4]
0.005386 0.334071 5.183727 0.999956 -0.008103 0.000778 0.004600
0.000000 0.000000 0.000000 1.000000 0.000000 0.000000 0.000000
0.762143 0.862307 -0.001861 0.721084 -0.024979 -0.690688 -0.048631
0.450000 0.650000 -0.000000 0.666913 -0.581355 0.426418 -0.188204
0.700000 0.000000 -0.000000 0.710351 -0.041040 -0.237130 0.661428
-0.450000 0.650000 0.000000 0.634313 0.344460 -0.311286 0.618138
-0.700000 -0.000000 0.000000 0.878685 -0.020010 -0.475719 -0.034679
0.450000 -0.650000 -0.000000 0.841358 0.522491 0.137592 -0.013712
0.000000 -0.800000 0.000000 0.907264 -0.415263 -0.066123 -0.007496
-0.450000 -0.650000 -0.000000 0.991320 -0.129639 -0.012910 -0.017640
-0.000000 -0.800000 0.000000 0.894522 -0.446704 -0.008970 -0.014328
0.000000 0.650000 0.000000 1.000000 0.000000 0.000000 0.000000
2.000000 1.000000 -0.000000 -0.715334 -0.005839 -0.698723 0.007084
0.450000 0.650000 -0.000000 0.826706 -0.400858 0.363503 -0.154061
0.700000 0.000000 0.000000 1.000000 0.000000 0.000000 0.000000
-0.450000 0.650000 0.000000 0.856577 0.010419 -0.442389 0.265440
-0.700000 0.000000 0.000000 0.998749 -0.003772 0.039720 0.030155
0.450000 -0.650000 0.000000 1.000000 0.000000 0.000000 0.000000
0.000000 -0.800000 0.000000 1.000000 0.000000 0.000000 0.000000
-0.450000 -0.650000 0.000000 1.000000 0.000000 0.000000 0.000000
0.000000 -0.800000 0.000000 1.000000 0.000000 0.000000 0.000000
0.000000 0.650000 -0.000000 0.989701 -0.143094 0.002103 0.003534
frame [5]
-1.963202 0.455162 4.787621 0.980959 -0.019750 -0.193196 -0.002155
0.000000 0.000000 0.000000 1.000000 0.000000 0.000000 0.000000
1.589171 0.869905 -0.003210 0.721084 -0.024979 -0.690688 -0.048631
0.450000 0.650000 -0.000000 0.666913 -0.581355 0.426418 -0.188204
0.700000 0.000000 -0.000000 0.710351 -0.041040 -0.237130 0.661428
-0.450000 0.650000 0.000000 0.634313 0.344460 -0.311286 0.618138
-0.700000 -0.000000 0.000000 0.878685 -0.020010 -0.475719 -0.034679
0.450000 -0.650000 -0.000000 0.840560 0.439632 0.134816 0.286368
0.000000 -0.800000 0.000000 0.907264 -0.415263 -0.066123 -0.007496
-0.450000 -0.650000 -0.000000 0.847311 0.530280 0.027518 0.010444
-0.000000 -0.800000 0.000000 0.894522 -0.446704 -0.008970 -0.014328
0.000000 0.650000 0.000000 1.000000 0.000000 0.000000 0.000000
2.000000 1.000000 -0.000000 -0.715334 -0.005839 -0.698723 0.007084
0.450000 0.650000 -0.000000 0.684090 -0.404126 0.605732 0.042317
0.700000 -0.000000 0.000000 0.701810 -0.459957 0.342191 0.422856
-0.450000 0.650000 0.000000 0.856577 0.010419 -0.442389 0.265440
-0.700000 0.000000 0.000000 0.773307 0.178813 -0.409964 0.449391
0.450000 -0.650000 0.000000 1.000000 0.000000 0.000000 0.000000
0.000000 -0.800000 0.000000 1.000000 0.000000 0.000000 0.000000
-0.450000 -0.650000 0.000000 1.000000 0.000000 0.000000 0.000000
0.000000 -0.800000 0.000000 1.000000 0.000000 0.000000 0.000000
0.000000 0.650000 -0.000000 0.989701 -0.143094 0.002103 0.003534
frame [6]
-1.963202 0.455162 4.787621 0.980959 -0.019750 -0.193196 -0.002155
0.000000 0.000000 0.000000 1.000000 0.000000 0.000000 0.000000
2.652613 1.534393 0.404212 0.721084 -0.024979 -0.690688 -0.048631
0.450000 0.650000 -0.000000 0.666913 -0.581355 0.426418 -0.188204
0.700000 0.000000 -0.000000 0.710351 -0.041040 -0.237130 0.661428
-0.450000 0.650000 0.000000 0.634313 0.344460 -0.311286 0.618138
-0.700000 -0.000000 0.000000 0.878685 -0.020010 -0.475719 -0.034679
0.450000 -0.650000 -0.000000 0.840560 0.439632 0.134816 0.286368
0.000000 -0.800000 0.000000 0.907264 -0.415263 -0.066123 -0.007496
-0.450000 -0.650000 -0.000000 0.847311 0.530280 0.027518 0.010444
-0.000000 -0.800000 0.000000 0.894522 -0.446704 -0.008970 -0.014328
0.000000 0.650000 0.000000 1.000000 0.000000 0.000000 0.000000
2.000000 1.000000 -0.000000 -0.715334 -0.005839 -0.698723 0.007084
0.450000 0.650000 -0.000000 0.684090 -0.404126 0.605732 0.042317
0.700000 -0.000000 0.000000 0.701810 -0.459957 0.342191 0.422856
-0.450000 0.650000 0.000000 0.856577 0.010419 -0.442389 0.265440
-0.700000 0.000000 0.000000 0.773307 0.178813 -0.409964 0.449391
0.450000 -0.650000 0.000000 1.000000 0.000000 0.000000 0.000000
0.000000 -0.800000 0.000000 1.000000 0.000000 0.000000 0.000000
-0.450000 -0.650000 0.000000 1.000000 0.000000 0.000000 0.000000
0.000000 -0.800000 0.000000 1.000000 0.000000 0.000000 0.000000
0.000000 0.650000 -0.000000 0.989701 -0.143094 0.002103 0.003534
frame [7]
-1.963202 0.455162 4.787621 0.980959 -0.019750 -0.193196 -0.002155
0.000000 0.000000 0.000000 1.000000 0.000000 0.000000 0.000000
2.652613 1.534393 0.404212 -0.098681 0.586762 0.027942 0.803239
0.450000 0.650000 -0.000000 0.666913 -0.581355 0.426418 -0.188204
0.700000 0.000000 -0.000000 0.710351 -0.041040 -0.237130 0.661428
-0.450000 0.650000 0.000000 0.634313 0.344460 -0.311286 0.618138
-0.700000 -0.000000 0.000000 0.878685 -0.020010 -0.475719 -0.034679
0.450000 -0.650000 -0.000000 0.840560 0.439632 0.134816 0.286368
0.000000 -0.800000 0.000000 0.907264 -0.415263 -0.066123 -0.007496
-0.450000 -0.650000 -0.000000 0.847311 0.530280 0.027518 0.010444
-0.000000 -0.800000 0.000000 0.894522 -0.446704 -0.008970 -0.014328
0.000000 0.650000 0.000000 1.000000 0.000000 0.000000 0.000000
2.000000 1.000000 -0.000000 -0.715334 -0.005839 -0.698723 0.007084
0.450000 0.650000 -0.000000 0.684090 -0.404126 0.605732 0.042317
0.700000 -0.000000 0.000000 0.701810 -0.459957 0.342191 0.422856
-0.450000 0.650000 0.000000 0.856577 0.010419 -0.442389 0.265440
-0.700000 0.000000 0.000000 0.773307 0.178813 -0.409964 0.449391
0.450000 -0.650000 0.000000 1.000000 0.000000 0.000000 0.000000
0.000000 -0.800000 0.000000 1.000000 0.000000 0.000000 0.000000
-0.450000 -0.650000 0.000000 1.000000 0.000000 0.000000 0.000000
0.000000 -0.800000 0.000000 1.000000 0.000000 0.000000 0.000000
0.000000 0.650000 -0.000000 0.989701 -0.143094 0.002103 0.003534
frame [8]
-1.963202 0.455162 4.787621 0.980959 -0.019750 -0.193196 -0.002155
0.000000 0.000000 0.000000 1.000000 0.000000 0.000000 0.000000
2.652613 1.534393 0.404212 -0.098681 0.586762 0.027942 0.803239
0.450000 0.650000 -0.000000 0.666913 -0.581355 0.426418 -0.188204
0.700000 0.000000 -0.000000 0.710351 -0.041040 -0.237130 0.661428
-0.450000 0.650000 0.000000 0.634313 0.344460 -0.311286 0.618138
-0.700000 -0.000000 0.000000 0.878685 -0.020010 -0.475719 -0.034679
0.450000 -0.650000 -0.000000 0.840560 0.439632 0.134816 0.286368
0.000000 -0.800000 0.000000 0.907264 -0.415263 -0.066123 -0.007496
-0.450000 -0.650000 -0.000000 0.847311 0.530280 0.027518 0.010444
-0.000000 -0.800000 0.000000 0.894522 -0.446704 -0.008970 -0.014328
0.000000 0.650000 0.000000 1.000000 0.000000 0.000000 0.000000
2.000000 1.000000 -0.000000 -0.715334 -0.005839 -0.698723 0.007084
0.450000 0.650000 -0.000000 0.684090 -0.404126 0.605732 0.042317
0.700000 -0.000000 0.000000 0.701810 -0.459957 0.342191 0.422856
-0.450000 0.650000 0.000000 0.856577 0.010419 -0.442389 0.265440
-0.700000 0.000000 0.000000 0.773307 0.178813 -0.409964 0.449391
0.450000 -0.650000 0.000000 1.000000 0.000000 0.000000 0.000000
0.000000 -0.800000 0.000000 1.000000 0.000000 0.000000 0.000000
-0.450000 -0.650000 0.000000 1.000000 0.000000 0.000000 0.000000
0.000000 -0.800000 0.000000 1.000000 0.000000 0.000000 0.000000
0.000000 0.650000 0.000000 -0.232903 -0.225791 0.479125 0.815606
